001 · 11110110 · [rou “

000 00101111011101010 01011110 0010100110 0000111111 0111000,οι 0000101, 1111010100
, 00011101111110100 00 10110, 0000Ιί10100 0001111001 0110111101 0000111100 10000011-

1000001111111100111. 801. 1100110010 0100111111 1101100. 80.(1001011101010,0010-
0001 11110110 privatior rit: 0010110 primo 1010010101οω 001, quemadmodum 10 10
0011110010011000000001000010101100110101011 801. 110 01010110. 801100πο110
01001010οα11111, 0101011 00111001000001010 00100110 000111 titur 01101110 001100,-
1011110 10011001 nutriatur? 8016010011 80. 1110 ui 1010010100 0001 0001001,
0000011000 01 00100100 0111010111, 000 01 luorum 1 000 quidem 10100101001100 00-
00000110 000011001011 801. 110011001010001. 80. 80 110, 00 iu 1001111οω101-
00001, 10 01110110011001 000000 0000000110 root cupidiore· 01 0110 ooo 0οω00110,
1100010010οι1 801. Volo 00011010. 80. 1100000110 0011001111οι 1001110 10001011·
tur, 0000 00101010 000 0000011100,01000 coto percipiuntur, 1100 jurant: 1100 00110
0101100 00101010 00101001 1100110οι 0000000110111 001. noune? 801. 1110011110. [119]
80.10101011010000000000110000001101110100. 801. 1010. 80. 8011011 10010000
0000001100 0000 0000111000, 0010 101001011 00101101, 0000110 00100 juveutute 00000·
101111 011010 00111 010001, 1111111 utemur 00011100100101001000110001111 801. Pr·-
01010 00111010. 80. 810101001οι 001001 000100101, 01, 0001 0110000 01111, 00000000·
mur. rt 10 figor· 0001010 000 10101οἱ0000. 801. 810 0001101. 80. 0001111100
011000 0010010011 cibique 01 01100011, 10000 01 1010111110ιο10 0111011001 00100110
valetudinem, 0000010110 001. 801. Arbitror. 80. eoru oibi 01110 1001101 10 001100

000000011οι, 010010 01001000 1110 nou 008011, 01 0010 011110. 801. 110 001. ,

80. Aliorum 1010 00011000101001,0001000001800000010011011011110110010 0001011.
801. 1101000. ’80. siu 0001011 011111 horon 1000001000011000001100110,000 001
1000000110οι 0 juveutute 00010011 001001, 011001 001010 0010011. 011001 01 10001101
0111011110το 01 1000000100, 1001110 nou 00000001100001100111111. 8011101110.
80. 110010110100100100000 00011110100, 11100 1010 quatri 1011100, 0010 000101001 01

00001001, 1000111000. 801. Quidni? 80. Idemque 101000101001110000110001001 -

801. 110101 80. Proiecto, 00000 iocum 001110 0010 0001001110οι, 11000 0000 duo
1100100, 001 011100101001011110001111111011100 010000 001010001111011100 000 110000,
001110001000010010010010 1010, 001 0000001110, 0010001 01 0011001001 00100110
00011001. 801. Procul dubio. 80. 1101000 11011000, quum-tuorum 01 0000010οι
00100110 000110 000010110 01101101.11110101 001001 1011111100 00010 utplurimum
1011. 801. Quorum? 80. Quando 1010010,0100101101000,110111100101110101
011110 nimium 10001010 uri guitot, 011101010υο 010011000101101000111100000 010010
1111000100111100,001001111110 omniforme· 01 1101100 0010010100 0011000 0000010101
11100 011000 0111011100 0010 oriri mintionem, 000 1010 00 00000100 00100110, 0001
1000001, tramit 10 0000101001. 801. 11ωο0001100 001. 80110000110001001-
modum 0111100 1001010101, 1001 extrincecus presidium pum‘um 011011 prestaretur 0
0110111 11011101 11001010000011000101011110011100, 1010 101000 0110100100 00011110.
1001 0000101 0001111101 01101110 011011 000111101010 0001101001010, 000 10 00 00111,
suffragatur? 801. Ρ101000 0011010. 80. Quod 01 0010000110 0100101οι 10101
001010 0100 protorum imperii 01011000, 0110 0 00110 000 1000011010 01110, [1111]
0100000110 increpanturque: 0011110 01 1010010110 01 pugno 10 1000 0100 101010
10001000001101. 801. Cur 0001 80. inquisitoque, 01 arbitror, 0110010110 000-
11110 000οο1001 110101 00111, 01 1100001110 00011110100 0011101 1010100111, 0011101 etei«
11001, 001010 utiquo 111 001100 juvenili 010110. 0010 101000 000011101. 801. iit
0000000000. 80. 1101000 010101 000, 0010 0101101001,00011110100 0110 000100000100
cognato. 0100101 inscitiam 0010100 0100011οο10 multu 0010000100000 fiunt·
801. 811101101111000000111. 80. Τ10110010011001 uo commodiori, 0101010

 

