111] 1101110001 1. 55

01011001. 00. ven 1111110. 8011011000 unquam 00110110000101111001101010
[1000110100011101100001101010 0010110111 00111011100011. 80. Nuque
011111 qun 10001010 08011 0111101011, 1000110101 00001001. 00111100. so.
8010100000 unquam, 0001110 01110101 01000001, quamdiu 001 10100101001011001 ,⁸
[19)]00. Nunquam. 80. 1110101 110110 0010010 sit, 10 ipsum 0030011010, 11
1011011101 101111, qu! 10101110 0110111011 10 101011011ιέ 10 1101101 arduum 0010011111,
000011101111110101010 opus? 00. 101111 00100100 80010101, 0111110000 111010 011
111110 1100 01 cujusvis 0001010 11101 nonnunquam 1010 omnium 011110111110101. 80.
800 1110 steilo hoc 111, 0 0101111001, 1110 difficile, 001111 1000 110 10 1101101, 01 ipsum
1101110011οῃ 011110 qua 1011000 0010001 0101001011111011000 τ ignorantes 1010, 000111.
00. 8100101011. 80. Age, quomodo 101100 quod 101100 inveniemus? 10110 vem
110 quid 011001 ips& 10100110 poterimus : 111100 10101001100100010. 00. 110010
11010111. 80. 0111000 ergo 001 Deum, 0010 111000, quum mecum 10 0000 dispuens?
01.. Tecum. 80. 8101000000100001 00. m 10 010000. 80. 80001011ςί10
011, qui disputat. Ax„ 1101. 80010111110011010110110011. 01. 110 101. 80.
Nonne 10101000 101 1111000 80010101011110101.> 0011010011 80. Disputare
001010 11 1010000101 1011000 011, 10001 quodamnodo 100111 Aa. Idem. 8ο.
111001 1010111 011100 011101, 00000 011101 00. Quomodo 010111 80. Quemadmo-
dum 10100 1001011 quidem 011011000100101011001011 013100, 1100001111 instrumentis.
00. Est, 01 01011. So. 110000 11100 1101110010 011 qui 0111000οο 011101, 11101110
0111010111011 01.. 0010011 80. 11010 11100 0110000001, 01100 quocum citharam
11010111 01001100. So. 1100 panio 01110 10101103οΜ10, un 11100001 quo 011101,
1010011 01100 0110 11000101. 0011100101. 80. (1010000010010010 0101100110·
10111001001010,01100111001111001 At. 11110ιο1001. 80811110100011101,
0011111111. 80. 00 000 01001111 01000 00110 10010111 0011010111. 80.
1111111101 1010 011110 00100101 ab 111, 0111100 011101, 0100 0000001001. 01.. Con.
01111111. So. (10100 igitur 01 0111010001 11100 quiddam 11101, quam oculi 11
111001,ου11101 0110101. 00. 01101101. 80. Nonne 1010 corpote homo utitur?
0011011111. 80. 01100 utique 01001 01 quo 011101. 00. 810 011, 80110100
ougo 0110 110 0010110 11100. 01.. 11100101. 80. Quid 0011011111 1101001 Aa.
ignom. 80.8011011010,000000100100111011 01.. 8010. [1111)] 80. 0110000 ’
001011010101101011001 00. 1111111100. 80. 00000100110011 0010001000.
00. Quin 011001 0001111011 1100111101 0100110100 0110. 0000101011 50,
111110 01 1111100 10011 11111010 1101110111. 01.. Ex 0010011 80. 0010010110 1100-
110111, 11110011101, 111 101010 10101101 utrinque 0000011100. 01.. 0010001 80,
1011101001101100000001110010011, 10011000 0110 01010111 100101. 00. con· “
1001101111. 80. 0010131101 1101001 10011101 ipsi 001ρο01ορ01011 00111110
11000. 80. 81111101 1011011100 01111000. 00Οο110. 80110001113110111000000
quatinus. 00110001101101. 80. 0101100000 01001101000001001100101.
111101, atque 10 110110 0111 00110110. 80. Immo minime 11001010. 0111001010

11011110 000 0001101011, 0011100010011111 111, 111 110101 utrumque 0010100101. 01.. ’

aaa loqueris. 80. (1011 1110 010 corpus 000 11001 0110100110 111 110100, 101101, 01
anim, 1111011111 01110110 hominem 0110, 1011111110 001, 011111 11100 0110 quam 001.
na. 101000. so. 1101011010. 0010011111 oportet, 11100 esse ·
11οι10001 00.. 1110 0011010101 1100 00110 1000010 101111 11000101. 8011111
1100 11 1011011110 lm 01101111 1001,ηο100111111010001000010 10 1110100110 10111010οζ
11111 1000 0001010 penitus comprehendemus, 0001 invenerimus, quod 0000111110
11110100 1000011110ιοιο 1000110101, 01010001110101. 01.. 00101110οἲ 80. Quod
111110 1110 010 011 dietum, quod 0010000110οωὼο 111 10100 quod 101001. nunc

 

