111] DE REPUBLIGA 1111. 11. ’1111

1
] 0001001 0000 1001111001, 00 ιι· qui· 11011 001100 000000110001110000 000100 0110011010

000100 figenda 100011001ς 1011110 001001οω11000 0110010 0001001 1110100 0000
0111110 010111110οὠ00 1000 01010100, 01000 111110 00010 01011001 0000010001, 01 000
001001ομ0100 110 11010010 1111110100, 01 0000011110011110010011. 111 0101000,
1111001100 011. 001 001110 0111111010 110010 10001110 inquisitione 01101, 0 Socrates?
So. 100111ἀί000. 0101100000 1001111001 1101011110 011100 em? 1101100010111100101101101
. 1100111000. So. 11000 0101100 00000 100101 000 01101 1101. Major. So. 10110100 ,
10110010011110 0010110010 0101011 10011, faciliorque 0010000110. 00010,01001110, 01100
[m] 0010101000 10 10110100000110010 0101 idque 101010 10 01000110 0011011010δὶ-
u, 10010010 100100 010111101111010 111 01100111 1100 000001010οι00. 1101. stne 1
111001οΗ0110. so. 8101011010111 01011000 0000111010οι 1010100000100, 1000111010 quo·
00001000110100111100101110101000. 101. 10110. 80. Quo 10010 0000 0111 10011100
mendi, 000100001001. An. 11011100. 80000000110110111101 0110010.
000100000οη 100. 111 00111101. 0000110010 110000. Am. 1000 0000110000υο sed ’
10 0001101100110. So. 1111011000 0101100, 0101101100,0110οι1001111010 nullus 000-
1111ωο011000 01110100000,0011 1001101010 indiget. 0110000 10 00100 01101 01011·
tis-driutius constituendis initium? 100110110001101. 80810100000010-
010000 0001011001 1000111100 011010ου0 001 011001 00001 0001000011, 0010 11101110 indigeam
01 10111100 10 1011101010ιο 011010 congregat 0000001001οω 0101010000οε quem
101000101101001 1100 0000110000. nonne? 1101. Omnino. So. 1010001001 ergo
01011110 000, 01 0110110 vicisim acipiunt, 0011100010 01111 0101001101111010 110110 0110-
11οω100. Am. 110 0101000. So. 1001010 000011001000000010001101110 ι 0010·
01010 0101101000. 1100100 001010 100010, 01 01101111, 1011000110 1100100. 1101. Quid·
1111 So. Ρ110100000 01 1110011110 0011110111 indigentia 001 0000000110 010100, 01 01
0101110 01 01001000. 101. (10010. 80110111101100100000010. ’100110 00011100 01
. hujumodi. ,1001100101 11010. so. 100101100001 0000001 01010 0101100 01
11000 preparationem 0011011111 00 1100 01100 0111 00110010, 011100100 011οι, 01100
1001001 11000οΗ 010001001010 11111010 numerabilium! 0110110111 011010 101010 01
00000110 00100 010111ωο11010 0010100001 101. 11001100. 1011111100οο 1000
0101100001101000 0001000 000 quinque 01110. 101. 1000101. 8100011 10111111
110001010οη001010101110000101000100000 01110 communicare? 0111011001 0011001001
00001 0101001 0001000 0100000110, 01111 1000110010 10111000 01 10101010 10 00110011οη
mure, 01000 01110 communicarem 000100, 01100010 0010 00010010, 00011001
1δί ”fl 11011010 00000100, 000001010000 1111011001 0111000101ωο [1111] 10 quam
1010μὶ000001 101100001ιο 001010 00101010 10000110 011010 10 0001100010 10100,
hin 000111001101100010010 00111010οἀ10 0001010001 neque 0011000 01110 10111 100111
001111001001οΛ0110000101101 0100 01101100 0011110 0100110101 Am. Forte 1100
¹ adm 8000010010011100 00001 qum 1110. 8011101100 000 1000111 0000111110
cd·- nn 10 1000οι10 0011011010 00001 000 quidem 1100 0101011010 01101100, 001
dim 10010010, §iuguloque 01 0100010 00010 0111100100 001010 00011101. 00 non
1110111010ιῖ 1001111100οζ So. Quid 0111010.> 00010100 1001100 0110010 00111 001-
1000 0110101 00100,οἀ 1000110001υέ 101. 8100011 11101100. So. ,1100101 1100 010·
:ism 0000 00101000, qnod 0100111010 0110 01101110 11000110 00000010 000101001100
:liujus 000110 00100010, 01001001 001110100110. nmirum. 8011011 011101
qud fud-dm 000, 1001011110 011010 0110001010 00101 001 10000111010001110100100,
000010001001100000101010001 0000010110 01000001. Am. 11000000 001. 80. n· ma
110101 01001110 fini 01 01010 01 0101100 00 10011100, quaudo 0100011 01110010 0000111010
0000000ιο0001000001001000011110000000001101011 Ant. 110001 01011100. So. χ
mh· 101101, 0111110011ιο, 0000 011 01011110 quum 10101001 01 00, qun 11010101,

 

