030 1110101118 [610

000001010ομ001 60001ὶο10011 800110000100010100 mjmquo 00100 000·
0000οω0000ῶοοω0000000,010110000000010 011011 01100 00000 000·-
0000000000000000000000000000110010 00000100 noque 00000 1000001000
00000000 000100. 8000000010 000001 80. 81 0010101000 0010 00000001
00100 aliquod 010, quod 10000 00000100 0111010, 0100010000 00000 10000 000 00100,
00000 ita 0000011000 affectu 0010011000 000000000100001000. 11000. 000000οι0000
000. 80. Estne 011001000000010000000001001001 600080000100001000,
00000000000001000,100”0001010, 1000ομ000010,ῶῶωοΜὴ 80. 000010-
0000001010001000 0000101 0000001000οο00, ne decipimur. existimante· 10100000
0000000000ὴο0, 000010 flagitio deprehensus 000, tune abinjm'tin, 0000 00100
010100 0000000001. Dic, 000. 1100000000οι 00000100 ejus 010100 000100011-
0001001000001010, utque 00 deducit, utnon 010 0000001 etqua 0000100000 0101000000-
0010, 00000001οο010, 00000000 0011000000 00 10000, 1000000000,οιοο 0001000001 000000 1
(1000100000οη 80. quuid 00 animm 00000 00000 1000001010 00 0011000
0000ου,00010000,00010000000000001000001000000010010,00000000 10 mn
0001000ιο0000αο 00000001 (1000. 110110000010000. 80. ,10000000πο00111ιο
000, 0001100000 010100 1000010000 01100010,οἀ 00000100 vitium 0000 prabet intuitum.
11000. 110000το00000 profecto. So. 0000000, (1100000. 00 1000 0100000 0000010
0000100οο, qut 001 01000 01000 001 0000100 001 000000000000 011οπ000000 01000000,
000000010000000000001000000000000010110000 00100000 0000001 00000100
100100001οο000 10001010,010000000011100 000000 0100000 vitio, 00000 00111000,
000010 0000000000 10000, 000 01100 010, 00 dham, 000000 0110 000000 eu.
[010] 011000 desuem, 0101 00000100 00100000 10000010, 01001000 00000 umqum
0010010οὺ000. 6000110000 0101000100υωί0. 80110000 0001000, 0101 eu·
00010 0001000000 1001 000100 100100 00100 00000100 1000010010 0001000000, 10000·
qusquam 0010010000 debemus 00 0110000 0010, 0100000 0000010 0000100οο, nim
10000100, noque 01000100 0010 0100000 0100100000. 6000100 00010 000000. 80.
0001000000 redarguamus, quadum 00000 0100000000 000, 00000 1000 1000000

01000001011111011000010110011101111100101010001110110
00001010000000001. qautenus 00000 0110000 0010000000οω0ομ
prium 0010000 00100 00100000,00000010110010 010100 0000000000. Gun-
000100000100000000000000001000100001000000000000000100001000
effici. So.Siqu3moemot3·ioeronobimdut,qnoddeoen·oeainjffiudmi
00000,0000000000000010000000010000000000,00000000100000,0000010
0100010,ὼο10001001000101000000000,0000000000000000001μο11·
00000000000000000000, 000,0010000101000,000’0100010000100011100,ῃ1
000100,000100000000,00101000000000000100000000, quod 0000 8000 Μ
0000000100000101000000000000000010000,000000 0111000001001001. (1000.
Per Jmm, 10000 0001001000 0010000 mlum 1000001010 movimur, 010010

s viminiqwfflfm 0000000000 muitum 000 mn

0000000100,00000110000001010001000000100,0000010000001μ1101001

01000000000010010000000010000101011000 uque 000010000 010000000οβ
0101001100. 80. 80100 10000010. qundo 0010 0000010 00001000 mque ndu
0001000 0000000 00000100 0000000 0010000010001000000101000000 00 *liudit-
0000000010,ωοοοοὴ 0001010001 0010000 00101100 quiequam 01001000.
11000.11000000,00000000110000. 80. 0000001100000000 00100100 μυμῦ,
000 011000, [011] 1000100000, 00000000000000 00000000000010000000 01000000
11100010000000100 00010000. 6000. Nom· 801100 1010000100 00 1000000

 

