111 mmm [000

0000000000100110100000000.00000000000ου,00000001100000,οι1
000000101011100011000000 0110010 ommim 001110 fflqfim
00010101,Μο umen 1000010 0000100001 0000110110. 80. V'n qo 1υρ
00000000000000010011000,00011ωο100011“00000010000010000000 uh?

8000. 000000100000,80010100,0000010100,00000000 uhu 00000010. 000..
0101001000010,01,000000100000 00 justiti· 1οι000001ὶο00 0101110 1000100101,
110 00000000 0000 muris. 8011101 0000000 noia, undenum
000000, ne 01000 00001001, 01000 000 00010 vim 00000 10001100 00000000 m
000100110οι novem. 801000, 00101 1011000. qnid 10000 000000 011, 10 moin
0101110000. 001 0000. 01 001101 0100100, 0000001000 00000 0000000100οη qd.
00100 00000001 0001 100100 81100 01 eju· 00000 0101111000,οἰ 00010 00001, 010000
010 01000111011100. 8000810 nge. 0010010 0000 000100 0001000010. fla. vd.
100 0001000,01011000 expuam 000000 01000 00010000, [W] 000 001000 bd
000100 01 0000, 00010000 000000. 00000000 00 010000000000001100100111000·
000 00010110. 000010 10000000 10001οι1000 000 00010100, man-ign· 00 1110
numm. 8000. 8000010000 10 0000111000. 010 00000. 80. nim 00010ἡο
01100 1000100000 1001000 confirmamusque, 000 00000 00000010 0001, 01 01100 00-
00000000 01010. 8000. 0000001 80. 0101100010εο palmet-nulnum
000010 0100111100 0000 0101000, 0100011000 distinguimus. 8000. 11101000 ptum.
80. 0100101100οι 00100000 0110000 00000 100001000000100111100 10 00001000,
000 0101000 0000000000, 0000 mm· 0001000, 00000000 10000 0000 00300000
10000000 000 011, 010000 unumquodque 001 0000110000. 8000. Vm 000 0001.
80. 111 000 0010010 010001 0101000, 000 00100 100111ςί1 10000 00100 10101001, 000
videa. 8000. 8100010001οο. 80. 000 0010011ιο 0001110. 0000 0000000,ου
001001000110. 0000100001 80001000. 80. 110000 01000110,οη 0100100100,
0101110000010000001000000011001011 8000. 0000011 80. 11000010001100·
00011011,ψομοωοοη0000000100010 1001100011 0010 0000 010000 01 10
0000 010011 01010001 8000. 1100 00110. 80. 810 001000 0000111000. 00100 0001101 01·
0000001 diogenen 0000 00 000, 011110 0010000 000101, 000 00001001 000 10000
0100010 1110 000 0001001010 000 00010001 8000.11000000000 80. Arum
numaeque-tmolum 01000 001101011ου0οω 0000 0100.οι 10 10101
01100000 vin nppa'u? 8000080100. 80. An 000 00000110 vim 100100 01
01000000 01001 subjacet, 010 1011011000 indigne? 8000. 000 000101 80.
11000010 000110 0100100100οε 00 0000000010 01000110, 00000010 11000 001000, 0101
00011 01 00000 1001100 0000010 00 000 00000 00100, 00000 01000 0100011 0010οη
000000100010010100 00100001. 8000001000010 0000010101 80000010
lm 00000. 8000. ’10001οο0010. 80. 11ιο10010 0101011ῦί0000 v'n 01 vm
001α110 jugo 0000010 01100000 omium eonjugntionnm 0001000 0000100οο jun
0001,ωο001000000000000010. [1118]0100000000100000000000οα1
100000.- 8000. 10000 00001, 01 contemnemdum 01. 80. 00000 poti-ia-

* 1100000 0010011000 huju 000000 00100, enjus 10000 001011, 0101 0000 m

00000 00οι 00000101000110 0010010 0000001001 8000. 00010 10 0000 01
0111. 000000οο0000οεοψ 80110000000000011000000100010001.
8000. Quomodo? 8011000001000 001, 00000 0001100001 ’00001 0000001001·
800011οο0010. 80. 800000001000000000000010 10 00001000 00110 00011-
οφ0. 8000. 1101100 0000. 80. Nonne 01010,οι00 0000000 0010 10100-
unt? 8000110000. 80. 010 01100001 01000 000 000 00οι 000010ὸο
000000000000000101100 80010810 01000. 8011000 00 000000 0001 011000
1110110, 0000010000 000010 10 000 000000 0000111Μο00οο 0000100001 01

 

