101] nn 1101000100 010. x. 111

00000010 100010 1010, 000 1111100111... 01 0110110 00011 010101 000000 1001001
10011. 00 00111 ,6000. 1111111010 0110101ρο 0000100100. [591] 80. Nonne
0100100. quod 10011 1000100101010 0010001 100110 000 neit, 00001 0100 0101111110 10,
0000 100100 001. 000 lectum 0110001111 6000. Dicebam 00010010. 80. 81 100000
001, 000 10011, 11000 0000, 0000 1010 001, 10011, 000 1010 0110010. 00010 0000 1010001.
1110 100100 100010, quod 01110 1010. 00110010 001001 0010 101111 00110010100100101101
1001 011ΰο0100100110010011 0100111. 0001100111 600011010011100101 1110, 001
’010001110οω11ιο 111010 1010011101. 80. Nihil 0111010 101101. 1101 1100 00 1011101001
00110000 00 1111011110. 6000. Nou 00110. So· Vi· 10 11110 000000 101001100000,
0111 11010101 10101111 6000. 81 010001. 8011011110 1100 11110011000110000
0010011 10 1101010 1000 0011110111, 00001 Deum 01001000, 01 01011101, 00001010. 00111
011001 0000000101 6010. Nullum. 80. Alter, 00001 faber 00110011. 60001
11000. 80. ’1001101 101000001010101. 000001 6000. rat Ι80. Ρ10101110000,
10011 81101 01 11000 1100 11101, 1111100 1001010111 0000101100 01001000100. 6000. ’1100
011000. 80. 11000 101101, 0110 0010 00101101. 1110 0010 011000 0000001100 100101, 000
010100 1001001011 001110 10 1101010 011 10 1001010 flod, 110 001001 100010 000111 10011
10011110, qui 0000 001 id. 00011 001100101. 000 001010 10100 001 010100 0 Deo 00010.
0001 0111111 1001 00000 010000101. 6000. ouantium? 80. 00101100001001001
00100, 0000 1101010, cuju 011100 10101001 00001001. 0000101111 10000οο0001 100000
1011110001.ωο01001000 1111100110111. 6100. suu. 80. 11000001 10101110010111001.
10101000 10100 0100 000101 1011 10011. 000 001001 100110010100111 000101 0010001,
00001 00010101 1101010 progenuit. 6000. 11100101. 8011001οο 11000 110101
010010101011 101 ’1010 0110010 0000110100ιέ 6000. Ρο1 0011 0000000010οι 0011110
01 000 01 0110010οί0100ίο 80.1“01111110101011000010011 0010001111 6000101
1100. 8011001 1101010100 000000 1011101010 1111101 000110 0100100001 6000.
110110 0000. 8011100010000 adlectum 11011010 10 010001 6000. 0011011010
&nihi 00000 1100101101101010001, 00000οϋ000 1111 01000101. 80. Ergo 110110·
101010 unm 0001, 001 10111010 0 001010100111 6000. 110100. 80. ’1010011000
011101 00011011 1101111010 001 1111110101. 1011101 01110010 01000 0110110101 1110111101·
000 0111 0011100 1011010101. 6000. 0000101. 80. De 1101101010 00100111 00000001·
1010. [we] 000 00 0101010 mihi 01000 101101. 01100 100010 unumquodque, 0000 001
10 001010.111111011 0001011000, 1οΙ 0111000111 000101 (10110. Artificum 00010. 80.
1111010 000110 0111111 101 000110 00110 000010111 1100 01010100 011111 0101100001.
6000. Quomodo ’0100 0101 80. 810. 100100 00100111, 1110 ex 001100010οε 1001000
11111111100111111111 01000. 0000010 000 1000 01110111 101 0111110 010011, 011101
1010 1100101 0110001100 011101 101001110οι1 0010100οε 1101111100. 6010. 810 0000101
00100011 differt 001010 11111110. 80. 0111111001οω 01 101001 0010 10 01001111110100011
01010110 1000011101 011010. 01 00 1101001. 100 01000100 1001011100 0000 0000101
00000, 111 00001011 1111001010 0000100111 101 101110111 001100 1011101101 6000. ,10-
00100110 110οῤίο 80. 1110001 1010101010 101 1101101011 01000. 011100101. 0100.
1010001000 001001 100010, 0011 exiguum 00100010 00101000 01110011 0101010111οι0.
0000100000οι0 010101 010001οο1110 0011011010, 10111010 01 0010000 01101. 01110 011111 10
011110101010101110011 1010010000. 0101011100 011010101.10011010111010101111101101
1000100111, 00001 010001 00100001. 000101 00000100001011110011100001οΒ101 10010
0110 1010111111 00001001. 6000. Quidni? 00. (1010010.000100,11001011011100.
01001 0111011100 cogitandum. 00011000 0110011 1101110 00 0001000 0001101. 00 00011001
bonini 0000111110 111 01001100 01111100 0100110. „munimus 010 001011 1010111·
00011. 000000000 01101 011110 10101110011 11010 01011000 10000111111111111101111011 sm
011, 01 10 10000010 00000001 010011010101001 11101011. 00101011000011101011010001111

 

