111 , 11110111 [5⁸⁶

1011000101 11100 01111101 1001000. inu 1010010011111 01001101, potiundam.
80.810011111010“0011100101100110110001111010010“110001111111111
1000000110100111101111101111011111 eumcum? 8010111001οω
011101001011110111101000010101111110100101. ommuni-a 8010010-
111 10110 11 illud, 0011 11100011 11011, 01 1111 dun 0011001100 1111011. Gna.
0111011 8110100100010001011110000000001011000011011101111·

0111111111οπομ 1111 Gun- Qupe mquugimt. 80. 0101111
01100000011010111111111101 1110110011, 1011110100001111111101111001000-
110010000000001011000011100111011111,111010000001010001100000001
nium 111101ὴὲ 1110000100 noa-ajub. 0000 11111101 1011001 1111111111·
0001000100ὴοΑο 111101111111111110111 1011 0100οι 1001010110οΗ
11011111 10111ιο00011,οιοο 1110110110111111 0100000111011011110001,
eumq-andeins? (1111. 11000001111,010011100111101111010ομ·
110. 8011111110 aequanimus 0111111, 1110110 nuh nugi· 010011
scinu-‚mm Guu. 1101. 80. A· mimis? 61111. nequ 110. 8ο.
ᾗ num 11111100 011100, 101100 01 00001101 (111011010011110 001. So.
1101111 0000111111 min 11100 00100111 111110 010010 111111 10110110 000111110-
010000111011101101100 1110010 01110 111111 0111111 1011101011 (1111. 811001,
80. 1111100111 11 apud-ssiu 0100101011 uhu? 6111. 01001011. So·
quudwbbmwfflmfflmqfflfflfflw
011 111111ου111 000010 10011011 01111 0110 1111 0111 10011111, 010 1010111
1111, 10101000 011 111101. 11111. Quid 0101111011 So. 81 0100 1001011 11100
1101010 101111111οε10 001 jucundum 5 10010 111010. 00011 101110 110011110010 11110
100111001100110110111111101100111011011111 0000011011,οω11111111001
01 1011011011 111111. ncipit. 01010 1010 1111110110 10010111, 1100110111οω 11 1110111110
0110101111 00111001. 11111. 1101011001 0110110. 80. 110011010101011000110
1111001000 11001111. [111] 110001001110101110111111 1111010111, 0101100 1101111111.
11110000010 1010100 11010 0111111111, 01 01110 1101 0010000111 111011 01010011
00011 1101 1010 00010111 01101011,010000 1011 10011011 111, 0000001101 00001·
001010010ιο 100111 01011001, 00010 1010 1111 10 001000010 11111111, 11000
nubilem 00110000 0101111 voluptutem 110 101011 010011 110111 01011 10001011,
10010010 1100100101 01100000 000110οο011 0111011 0011010111 010010 11110100
1101111 potiundi· 00111111 111111 10 01 00110101 1111011 0000110010 00000001, 1001
10110011 11 1101010111οω 1111011111 1100011101. 110010 011 10010 101110 01 1111111
101 0111111, 00000 10111 11111111 11101101. (1111. 001110, 0 80111101. vulgi 111011
0010 000010 011011 0111010. 80. 11011111 011 0011011011100 00110011 010100
0110111111, 010 1111011011 1011010111 1010 01 011110 1011. 110101000 10111111 0010-
111 0000100000 01111 100110110, 0101 1011011101 01 0010101 0111000101οὼ11 ,
101001000100 1001111101. 0011101010 1011101010]οωὠί 1010010100 1111000ὴά01011
1111110 0011111, home-tque 10 pugnam = 010010000111 8100010111 111 ’11000100
1111101101101110100 110100100011010110001 0000111111. 6111. Nomia
011 1101101110 id 10 111011. 80. Quid 1010 01101 101011110101 1 001111 111110
0000011 111111 duni· 0111010101 0011110 011, 001100 0111 10101111 0111011. nl
’10011 w 0011001111, 101 11010001 0100101000100110111 cupidinum, 111 in
W* 00111 difficultatem, 0110110 11110110 11 00110 0001011 1000111. victori.
100100010111001 (11111. Tali· 1000110 0111110111 0110110 fiai? 80. ,ΛΜ
101101 1100000, 0000 0111101 0111111 0011111 1110111 0111111 11110110 mim.
mmmmm 11101 1010101010 00000ωο110000101110110101·
111010010111 01 1101111, qua 1000 ips· 00100010, „fiam 111010 1011011101,

 

