ot INCER'I'I Ancuoms ALCIBIADES 1. [135

80. 81 10010 0111111001 phantom 01, 0111010 1010001101 1001 01101. Ar..
Quidni? 80. Num 0110 0011001011 11111, 00001010 000 tubat? Ar.. Ar
quomodo? 80. Ergo 1111010 01101 01001111 1010 dubet 0110, 0010000110 11011 0111
tuntum 00 1010100 01000110001100,01111,000 00 000 10001001, 1000010101 011.
Ar.. Vero 01011. 80. Neu igitur 011001οι101 00000 11000110 quodlibet 10010001, 001
110100110100011001,10100 justitio 001101 01 010οο0110 0000010000. Ar.. Appo-
101. 80. ,10110 0010 00 prudenter 0000101 01 10 11001 01100 101 0001100 Deo 010·
100 000101001οῠ1. Au. Dooeru 011. 80. Et queamdmodum 10010 01111001, 10
0111000100000100101000101000111. Au. 11100101. 80. Quin 011001110010101·
01011101.10110011011100000000 0011010οο 0110010010. Ar.. 00110. 80. Nonou 010
1011001000οεοο 0001111 Ar.. Agrruur. 80. Enimvero fidejubere 0011101 rum.
101, 01 imitatuturum 1010. Ar.. 1100001οι 00110 1100101101. 80. Coum, 11
injusto 11100111. 001010100101 111 10000101 0111011101 01001101, 0001101110 11111 00011,
0100110010110001011,010010111,10110101000110110110100101. 0011100101. 80.
cui 001000 00100 Alcibiaden, 00101101 00011, quodcunque libuerit 0000010001,
100010 1010 000101 011, 00100110 0001001001 01111110001100010,100 01110101 1110
0010010. 1110101 0001100 rit? 101011 ri 001010οῑ1 0010001 110011 11000110 111, 10110000
1100101000 11000011,κο 11110000 [lto] tyrannidem 00000011,0100100 000 00·
11011010 1010011 0010 1111 creaturum ert? 00000 101111011οο11, 0100101100110000-
11111 Au. 110111000001. 80. Quid 10101110 00111000000001000111011110011-
110111, 000000000011000101 000001, 00010 10000 01 0000101001 0011110 001001,
0010 001011, 000 1101 01100111 01001010 11011 Au. 00100100010001, 11100 10 101010
000 01000 100101 perditurum. 8ο. 110000 igitur 001111 101 0001100 00010001000·
110 0100010011οηί, 001 111101 00001, contingit, ut 0110 00011 0011000110 011.
80. 11οο ergo 10101111100011010 0101010001, 011 00011 101 101 0001100 0011000 011,
100111101,100001011001 0110 10110101. Ar.. 11010 01011. 8000101010 00100010
0111111 00111,οω1011110,001101000 00010.1001001011010,00010 100010. At.. 00-
00101. 80. 110000 quod 1001101 ert. 10001 01 0010011011 Ax.. 810011. 80. Quor
0010111101, 0000011011 ,1000101111 So. 110001 110000 011010 1011110. 0101101
0111111011. Ar.. 110001. 80. 1101111110. 01011101. 0110000101. 80010010·
11100100 111101. Au. 110 011. 80110000. 0 0010010111101100100001 Au.
11011100 00100008000101. 80. Advertit, 00010000 tu 00110 0100011 01101011-
001011101 10 0001101 Ar.. Et 00100001000,0101111110001, 000 1011110. 80.
11011100, 000 0001010 0000 0000 10 0000011, 100010 000011 0011000101110010
01110 0001100 0010111010. Ar.. 11011 equidem. 80. Quomodo 1011011 Ar.. 81
101010100111,080010101. 801110010010100001100101011001. ,1001οι00000
01001000 0111 80811100110100111. 11011100 0001000, 01000 1100 imper
0000, quod 00001110011001 0011111 10110010 0001001010, turn 00100111 rgo 10011001,
10 00100 000111. fieri roim 000 potent, 00111 ego 10 00100001 ductor, 10 011100 0 010
01100111. 80. 0 00001010, 0111110 igitur 10001 10 10 01001 0 0100010 differt. 11 001100·
00001 01000 10 velutin nido 0001010 0101001 1010111, 00 1110 iturum 0011111111. du.
Profecto 11010 1011100011 0110010100 0100 jrru 1011111001 1110011011. 80. Ο 011010
10101110 penetrum! 11000 001001, 0011110 100 01100001, hujusque 01110111 robur
’10101Ιί0001. 0010 100 110101, 00 tr 111001.

 

