76 00000000· . [000

contentusero 0 10 0000, 00010000 01010010, 1001Ιο 10000100. 01 100000 000010000100000,
10000 00001100 11101 0001001οι 000, 0010 100000 1000 0000ιί100000, 1100110000 10 000-
0000100000 0000010000, nom 1101 10 pulchrum 0000 01000100. 0110000011001000111·
000100,ωοοΜ00. 1100 011000 0010100000 0010, 0000 01110 001. 00100οι10000 001
binomine oonjeotunn 100100 00101001 00011 0001,οω qui 10000100 0100001, 000
00100100100 01011100 00 01000000. 1100. 00010. 801110010010000000000110
pulchrum 01010001, 01100 00 0000000, 01100 00100100.11000000 0001000110 000010. 01
0010100000 000000 0011000000 01 coturnicem 01 000000100 000000, 01000 0010100100
1000 1010001010 1000 0000111000, 00000 01000 10100000 = 1000000010 000000 omnin 1000
0000010000οω 00001000110000011000110011000,01010,0100100100010000001οι
0010 1000 000000 100000 0011000 00101100 00000000, 000010100100 00111001, 000 0000111000
unumquodque 001000 001 1010000100 001 10001000 001, 000000 01110 001. 01000 00·
11000 01110, 0100 0010 01110, 01000000 01110, 0010101000 0000 0100101000 0000 0000
000000000001001110,10000. 0000010011010000000100101,ο11100101 1110.
1111010000. 80110000 101100 nuno 01010000, 0100 0010110 omnibu· 0000 01110001
1000100010ωο 000. 1100. Ρο0110 00000000, 0 80000100. 80. Nonne, 0000
01110000 0110010 001001, 00 10 01110 001, 00 0000 01 0010001 impona· 000100 10011101
1100. Ρο00000. 80. 10100110 orgo 0010100000, 1000100110 10000. 1100. Maxime.
0000 010110 nobit 000010 010 0000 100100100, [m] 01 0101110 00001000 = 00001000 10
01011010 000 01000 00 00101100 0101001000 0000 00001000 001 pulcherrimum ; impotentem
00001000100100000. 80. 10001000 10000010. 000 0000010 0101000010οω 0011οο000
00010000001010000100000 οιο01000,10010100110000100 turpissimum? 110010 0000
0010 001001 80. 81010 00000000, ο 001010 000100. 0000 00 oo. 0000 0101000000-
01000 01000 110000. 11ιο. Quid 0001010, 800001οι1 00000 00110 01010 1000 nont? 80.
Velim equidem 000 0000000 hoo 00100ιο00010,οω00 0010 0000000, 0000 noque
001100000 001001, efficiat. 1100. 1100000000. 000 enim 00010, 0000 000011, 0000011
80. Qui 0011000001 01 00010 agunt 0111010010οο ignoti, 01 bno 000 0010100001, 000-
0010001000011 1100. Minime. 80. At 0000 00100110 0000001, 001000000 ponunt·
nonenim 1000100110. 1100110000010. 80. Ρο00001001000 000000 none, 11000
10010011 1100. Ρο0001 dubio. 8011010 0000 000110 01000, 00000 bon, 000000
0001000010110001) innume 001010 000 0000000 011000 00001, 00000 000010 0011000001.
110 0. Vero 10000010. 80. Quid pono? 10000 001001100,0100010000 0111100 ‘1¹¹⁰ *d
0001000οι 0000001100οω 000000001, num 00101000 000010100οι1 00 longo 0111001 1100.
Longe 000001000101000, 0 80000100. 80. Non 0000 001000 000100101110,010100100,
100000 0010100000 00010111. 1100. 100000, 01 modo boon 000011, 00 00000 00010001. 80.
11100 10111000οω00οιιο 001, 0000 001000 01 011Ιο 0110011οἱ100 0010100000 011. 000 nnn·
0010 Ι1000 0001, 0 1110010, 00 quod 0010000 000100 000010100011 100000 00111001001000
01 011Ιο 00 bonum 000101000000 pulchrum 0000. 1100. Mihi 0010000 0100100. 80.
1100 conducibile 001, 00 0001 1100. vuldo. So. 810 011000 00101000 0000000,
pulchro 100111οι0 legum, 01 000100110, 01 0110, 0000 00010 00010 0010110000, 000010 00
00 00101000 0001, 000 conducibili· 0001. 1100. 0000101. 80. conducibile 110000
100000 001010 0010100000 0000 0100100. 1100. Monimo oninium. 80. 0100100000-
nihile 001,ουοο bonum efficit. 1100. 10100000. 80. Efficias 001000 011011 01100
00100000 00000. 1100. 1111011. 80. Ergo 1000100000 0010100000 001. [m] 1100.
Eut 00010010. 80. Aliud 0000 001 00000, 01100 10, 00100 00000 001. 00000 000100
0000010010000000000000 0000 001001. 0000 10100 00001000 0001001000110010 Nonne
000000010100100000000000111111 11ιο. Ρ1000. 80. ,1000010010 000001100100
11, 000 efficiens. 1100. Verum 001. So. Auno 00101000, 01100 0110010100ι 1100.
01100 00010. 80. Ι1100 ergo 00000 100100 00000 001, 000 ejus, 0000 010 1000101011οτ.

 

