00] 0000000οι 01

01001000001100001001,01100 001000 00000000. 80000100 00100 0010000 101
000 0101001000110 0100011000001000001, bonnm 01000 jucundum, 1000 011000
1180000100 0ιο 0010100. 0010 etim 0001001100 0001000000 0010010100 11001 00011-
010000000. Nonne 1010.οΡ001000110, 0001000 dicebantur? Ρο0.1100100.80.
11000000000110000110000000110 00000010001100001 Ρο0. 000101 80.
100100 1001 0010000 hoe 01001000 ub 01110 1100000000. Pto. 00000001 80.
(1010010000 1100 0100100 0100011100 0000100001 0000100 01 0011000,11 00110 011010-
11001, pedeti-mque 008010011οι0 0001100110οε1 Pno. 110 0000000. 80010
000 001100010οι 0010011 00000, 01100000 0000000 00000100 011 011010, 00111001 volup·
101000 0000000 0000100110, 01000 00000000, 00 1010101000 0011000 0001101001,01010
011000 cujusque 0000100101 1100. Certe. 80. Visum 1000001010 00 1010 011010-
mammeam? Ριο. 1110000010 1101100110100001111 80. Quod 010011
10010 1000 0100001000 1011, 0000 001100 0000000οι 0110010 0001100 0000οε001 1 000001-
m, 0010011000, 0001001100, 000000 opinionem 3 0100100000 idea 000000, 0000110-
0000000 01000 0100001010 0110010 001 00 00101100 0000 quoquo 0010, 001 1001 011
01001000, nedum voluptutem 000 0100100000 000 vehementissima 0100 110 0110000
1010001. 81001100 1110 00100100 00000 000000 guadere 00 0010011100, 00000 000
mmm 0100100 011, 000001, 00000 01100100 100100 0000000100 000 1000000 0110001
0000000111. Endon 000000 10 000100110 11000 0 1100 00100100 000001 01100101 001
00101000 001001010 0001001100 01101001, 00000 000 0010001100 0011001000 1001110
0010010010100000000 0100 00010010 001100 00000 000 0001001110 00010001 Ριο.
Mum 80000100. 0000010000 0110000 001 hed 1011000 jam 00001010. [81] 80.
000000010100000 00010001 0001001000 0100001100 0000100100 00 0001100 bonum.
Ρο0. 11001000. 80. 101101100100000 10000 0000010100, 001 figuram ejus 01100010
mom 01,000000100100011010000,001 0011001000 0000010 000100 101110-
00010 mmm. 1100. 80110 admodum 10000010. 80. An anduennium 01
110000010ωο 0000100 ingressi 000001 1100000101 80. 81 0010 10001000
01100000 0000000, 100010 00000 1010011101, 0010000 didicerit, adminiculum 0000 nd
000100001001000100000 10010111. Ριο. Quidni? 80. 110 01000 0000000 01000
00000100 00110 0000011,οο 10 01001101 0110, 001 001010 bonum 100000 indagamus.
ho. 0000100. 80. 8000 01100000 0001100, 10 00 0001 00101110 0101000, 00000 iu
00000110, 000 0001 0010010000 0000010000. Ριο. Certior 0000. 80. 1110000000
1911. ⁰ rmum, 1110 0010 00000100, 0100 Dionysius 0100 valemus 0100 01100 0010·
01001 01000000 00011100 001 0010110010 officium. Pto. 110 0000000 00001000. 80.
Ami 11111, 1000000 01000 0010000111οι 0011000100, 100100 0101001. 0100111
0011000 0010010110 1001000 0000000000 0010 0010011 00000 000100ιί0 1001000 0100
0101 01 0010010000, 0000 0010100 0001 01000 01100 0010100001οι0. 11000000 11000000
Μ 0010100100 10 00001 0001001000 0101000100. Ριο. 810100100 00010.
80. Die 000 00100000 01 0000000 0010010100 0000 00001 000100110 0110000000,
0000 0010100 1000001000ιί 1100. 1001100. 80. Verum 0101000 101000. 000
m 00010 00000100 0100000000, 000000100100010000 000110. Ρο0. Did
0000010. 8001101011οδ 10 00οα1001100 0110 00100100 0110, 0000000000 00100110 001·
00110 0000 0100001101 Ριο. 1101011 01000. 80. 80100110 000000 0 00100110 diffe-
00000 01011000 0011000 01001110 000 01 00100101 01 0110110010 011010 01000 00 0010
00000100100000 1010100101, 0000000000 00000110ιο 001000 eodem modo 0010010001.
mque 11000, 01 0001100100 100000 000010ἱο0100, 1110 00010000 0000 00100000. Pno-
naeu 01000100. 80. 81 010100000 0001100000 00010010001001000000000010000,
00000101 10100000 fudo 0011101000 0011 001 vium 001010 00011110010010 exhibendam?
001 alio 0001οΜ 0001000 01100100 00110010 0001110001 [11] Pan. Mihi 001100 110

 

