00 000000 [00

8880001100οω. (1000. 0010000101 80110000088010 800800 00000001, 0008
1000881001000081001000 00101 800008088οι, 000 0800 810100 0000000001ου 00
00000018001800000 08 0080010100, 008 08 80000 0οΜ8000. 01100000 0000008

100010100088000. 8000. 11008 00110 0008808010101800. 80. 8100800 10011100
000 80010101Ιὶ00. 00881000 10 00010100, 0008 00801000 000001080οι 01 0081100011·

0000 01001000 3000000000010, 0000000010088000 0000110000 01 8000 00
1000 0000100 0000100000 01 1100010 0100818080 0000000108001800 01008800 01 880 00·
08180,1000001000188010001800110,00110000080 1010 0011000 0010008000 0010011 01·
000 8100 800808001οι 08 0110100 8000008001, 0108 8108 1008000 0000008001, quod
0000008001. (1000. 1800001800οἰ. 80. Enimvero 018108 0008000801 00000
880180 000010800 0100100, 80000 8810 00080 80010011 00000οΔ 000 08 000 0100100
81080001, 00808 810 001800, 0000000 8010 08000100000001, 08 0008000001οι 800000
0888100110000000088000010000 000081010ου0 00018001. 01 80 :inundando
0000108οι quidem 81000,οω 8000110001 8000001000,οω 01 001800 000101
80 00010 80001000, 10000000 1000108800 0088008000 0100100, 0800100100 8110 mgi-
0000. qm [111] 000011100ου000ςὶ1018000000010800100. (1000. 1100010000010.
80. 11000 generi· 1018801888 00008010 00000 81008000, 08 enjus 1000080080οη
0001 00110001 suppetitionibus 011, 08 0010010800 000 000100, 010010 001 00000
0000008110οα 000008000 0000001, 0101000οε 8000101800 1180, 000 00 1080080088ου
000108 0000800010 080811081οοοι 0000000010,01000110 00101000 concept 88-
80010000 0001, 00008 08 810 00ηο1000 00080001. 11000101011100 00088000 8801
080ηο00880οω000101001011100100 0000100010 0018800 8001 00101. 80. 8110001
intelligibili· 0001000 08 81108 0010000 ne 00110, 0008 1000 00180 000 8000000110081 80-
0οΙ101000 0118001, 8000 0000001110οω 000 000 0010001018 80801, 008 100000 000 000-
punitionibus 0008081, 10000000 00081800 0088008000 01 0808010018 01000, 00000000
08 8108, 0008 000 0000000110, 08 0080080100 08808001 0001000 00800101, 100000 010
180001, 01 100000 :diunt 1880, 000 0010001010 800001, 01000 110 08 80000 00000
000000101, 00110 0000000 000888101000, 008 80080 000010800, 00080000 01000 08 10·
000 0000088000. om. 10108800 1008001 00000000 0010100 0088800100, 01
00000000. 0180010 0080 nihi 00000000 0000 proponere. 00018080 0088000 diuum.
0001000 111000 0000 0008100110 01 1018801888 000018,οω 000 deuon-minis
0010018000 0000010000, 1110 0000 0100800001, 00001 00 11110 0080001810, 000 00100 00001-
100100, 8000080000οι1 80 008800 000 08001080 0000001180υο0 80800100 a 01 001 8010
0000880001, 000810180οο 00000100, 000 00008800 8010001. Quonim 0010 08 008001-
0100 000 000008001, 008 ex 0000088001800 80800001, 801080110ιο eim 800 1108000
1888 0000000010 01800100, 11001000 00808010 intelligibili· 0801. vidui· 001000 008·
810000001010000000108088000 10000 8081100 0001101100ιο 001100 00081000 00000
8010800100,οω100081011010100 0080100000 01 1010110010ιο 1008100 100001. 80.
8081080010 08000800 0000001011. Atque 08 800 0001000 000000110000 0001001 111·
80ιο 008011 0800110000 0001000 801011100011000 0088000 08 0000010000 80000. 08
000008000001101100000,08 10011000 fidem, 08 000100010ιο 0000 0080810111οω 800
1101010180οω. Hae 00010000 80010001 0110000 0011000 proportionis 008800, 01 810
,800 0100810100 0001880001, quemamodum 880, 08100 qun 0001, 0008101000. (1000.
10108100 equidem, 01, 0008 88080, 08101110 : 01 0110800, 8108100000.

 

