10 11100111 10010111 [111

m„ 1111010110... . sm. 1.. 01 0 u· 'na-pom 1110011 Aa.
8001000010. 80. 0111001000 11111100 10 0001001 000 0001010 1110010οι 00 ab
010000010101100000011100ὴο10101110110100010100100000 1011000101101-
001001. At. 1110011101. 80. 1101010000 100111000101001100001 0011110 db·
κπ11101,01011000,01ι11111101,000 11010111001011 1010000001 adanu-iffi. 111
011110 ex 11001110 10 000010001οκ 1110110. A». 0010100, 0 80010100. 80. 1110110
igitur 1100 0111010 00001110 0001 00 Ι10011 11000 injusti 1100101001 At. 8001. 80.
1100110000 01 101011ιο1 ob 000000 01010010 0111000100οι 11100 Achiva ’1101100010
10011011 00000010 1011000 10101 010000 1110010000 01 Ulixen. A». 1110οΜ
80. 11001000 0110101 Athenien, 110ωοοΜου 01000 nmmo, 001 01100 10
1101010, 00111110 10 0010011 0011010111, 011 011101 01101 1100 cunin 00001111, 10110
1101. ι. qum 1. jun 0100.. 111001οι μμ. mn ..01101010 ..00οι..
Aa. 1010 10000110. 80. 1101110000 0100001 1110 00111010, 01001101 1011 1011101
001001101001.01001011001101001001101000100010110 01110010 0111110011 At..

. 1101110101. 80. 000001000101001010100001010100001101000110001010 m.

0001101 At. 110001. 80. Quom: 00010 0001001000 011 1010010 01 1010010000-
0000010, 10 001101010 alm, 1100 01010100 nb 011000 1100110 00000 001 10 011001
1010011001 Ar,- 81 110, 0010 10 01011, 000 001 0000011000001. 80. 111000 1111010,
0111110000,1100 10 000 10000 01010101 At„ Quid? 80. Quod 00 0101111100
011010. Ax.. Quid 1010011 000 1000 01010 100 0110010010 0111130010 10011010 ene?
80. 1100000010. At.. 110000 1011011 80111, 11100010. Ab· 91011111 1101101
80. 810 1010111000. 11 10 1010000001, 011010 00010 001000 01010 1101, 1010000011ηο
0001 Aa· Duo. 80. Quanto? Αι. Uno· 80. 11101 11011100 0111, 001 01101000
000 01010 qum 00010 1 Ax.. 1100. 80. Nonne ego 101010001101, 10 101000001011
11.. 111. [111] 80. 1101100100 0101 00111010 010010 0100101,ουιο 00010101100000,
0010100000οοπο1 Ax.. 1100. 80. Quid 0010101 1100111101, 0101100110 8001110
111010, 1010101110000001,0101001110010111 001010011 At. 1¹40. 80. 000010
000 verbo, 00011001 1010000110 0111000101000010, 010101001011111 101010001110 .
101100000011 11.. 110100000011011111100101, 0 80011101. 80. ugo 10 0000110·
111101 0011001 1010100011. 111.. 8001001. 8ο. ’101010 respondisti? 01. 110100001.
80. Qun 101101 01011 1001110111ωο1, 0101 00111001 011111 An. 81 110 0000000001
00111, 000 0111010 110001. 80. Nom 0101001 011, 0000 0101110000 10001 eliab
11101 10110110 01000 1010110100 1000101, 00 00110 00111101, 0101000 000011000 ,11110-
01001Ιο0 1100010100, 0000010101ιοοι 00101011 8101 hec 00111 Ar.. 8001.
80. 8011011110 11100 0000 00110, 0 0101010000. 0000011. Ab· 10 001000 1010 1101010
000100000010101000000001100100100101111. 000011011111111000100. 81
01010010 11000 01110. 1101100010 00110 00100001 0001001, 0 111 0011100, 1011111011, 1100-
101011111,000 0000101000οο 0100010 00101. As.. 11001, ο 80011100, 0111001οι001 01
01100 (110101 1110, 0000010 30011010 00010 1010111010 0101, 0001010. mk 00101
001001 0000 00001001. 1110 101101 01011111, 000 000000111 00000110. 1101111011·
00000 00110 010010 0010 jusu 01 011110 0010. 0010 1001111 injusto :gentibus 10300110
01010111 11100 0011110 juste 0000100 0111001 1001001001. 80. 1111 qo 1100
010111, 1110 consentitis: 0000010 1010 00100 00101, 0011 01110 0001 1100101101. 01
00110 0110010011 11. Et 0010 0101111111, Suom? 11101 101110 01001110. 0 000
0101001101 10100000001010 1011001110. 80. ’10100010οι 0000 10111 0001 0010
11011 10010 01001, 0011110οο 10 0111001 0110000010 10110000, 001 1000110101 1010

111000 0001 00110101 0011111001 00010011 nomque ductantium 10 100110 00110·
0111011, 00111 0110101 01011110 01 0011110010 1101 10101 0000010011 00010 mua,
001101 11 10001 01001015 0111101 0111010 11 1100 01101101 10000111, 0111 quis 11100

 

