101 11110101, ,· [111

cupiditates 0100000010 10 1000101001, cohibet: 1100 0010080111, 01110 000 proruet.-
0000011110οο mrorooitoiorrt. 108 0000081010 10 tuoto 01100 10110000001110011010
0000001000ιί 801. 8000000010. 80. Enimvero, 0 010100. iu 10111110 001001
10001101, 000080 011000 oportuerit 0100010108 0001101100 0101810100. 801.
8100100. 80. Nou igitur reditione 1111001100 1110 ambituque 01100 0018010 0111,
1088001001 1101101110οο in 00 01018110101 01 plurimum 000181101010 800ῑο018001,
0011010110111001801011010111. 801. 811110. 80. (1000011100 modestior 1111101110
1001ῌ1111 0001001100111 10000 01 0001000110 0100110 0010 011101 longe 11000 01111-
0101. 801. 1111110οἰ800 0180101. 80. 0010 011010 08 00110000 0111 1018101 [888]
011 0000110, 00011000 01100110 10 01011110 80 11010110 0110110 11000010 01000018000110
0111 0011008010, 0001 00000100 0100010 00111 8000111 01 contentionum 1101000081
gratia, 01010001 01081000 libidines 0110011010, provocatque 08 propugnandum 0011·
radendumque. 000010 110000 00100, 000 01100 00 1001, 0000001 00000100 1000,
‚ rontium 1110, 01 0101110010 vincitur 01 divitior 011001. 801. 8001000010. 80. Nurr-¹
00111 01110 diffidimus. 08 010110110 01111 0000101010, 000 0110100101 0 000010, homi·
00111 0010001 01000 000000 1001110100 00101 801. Nullo 0080. 80. 80011100Ι
100008008010 ridetur, 000 01010 00001181 submoto 0011111ιο1101, 01000 11101010
conditio, 111 0001100 10 1011 homino conditionem 10000000εο101, 000 1010810100
8080000110. 801. 110 00001101 001110 1000010111 010111101 0010000100. 80. Nom
800010 modum 00 00000100 0010080111 000010100 gubernationem 0111101 00100.
101011 01 00 0008 01000 0081000 0000 01000100ωο1, 0100010 8111011011 1101. 801.
. 1100 preto? 80. Quin 011οσ1001 10 00 0100101 divitior 8001100010010810011101010
8110010101110 juvenum logo 0001111010 negligunt. 01000110011101 01 1000111110 0011110
0001000100 boot opulentiores 01100 1000080101000 0008001. 801. 11011000·
’ 0100. 80. 11001101 110000, 1000181110 0000 10 01011010 81011100 110οο1010 111001 01
1000010011ιο 0000180101 008 000001011010 001, 08 01101101 0011001111κο rtrum
temper 1010100 negligi. 801. 000110101000. 80. Duru 10110110 00000100 001011-
110 Ι1000010110 081100110οοιο negligunt, permittuntque 08 1111181000 010010, coguut
0000000010 11001000 000 ingenerato· 00000101 dorii 801. 1110011110. 80. 808001,
0108111001,1111 10 01011010 0001010 011008, 001110 011000 010 muti, purtim 100001·
010 081011, 0011101 01110000 010111 00010101, 1011810010111110 0001 000 00001001. ’
0010081100, 01000 011101 010001001100 100 00000 00011810 moliuntur. 801. Eu 110.
80. 11001000 001010 00011, dunt 10010 100001001001011001110080011010 000 01800-
101, 01 er 10110010 01110, 0001001. 00100811. 0001100 10180010 0100010 0010000101, 01
001111 001010101100000 [818] 100010 1000110010, 110 10010 0010110110 1100101100
0101101001 1001001. 801. 11001000. 80. 110000 001001 10011 0011 1011008100 110
0018000010, 010011 0010111001 0000000 100 1000 010 01811110 ogero = 00000110 1111-
100 0110000800 duran logon 10110 quorun prohibentor. 801. 8000118001 000111
0011111100ιο 1 80. 8010080111 010, 000 0011111ιο 0100100 00001111,οῤ1011001000
virtutis 001101 0110010010. 0100110010 100110 00 0010010810 0000010110 101 00110010
11001010 jubent, 1100 01000 odeo 1000800101 000001010000100011001, 000010100οο 111
010110100010 000000101 10110, qunti· 81110101. 801. 8100001110. 80. 1100000100
111180 000010 0111101000 1008110ιί11ἰο 01011010 8110000011 00 10001 0010010001 01
juniore· 8011001οο 01 001101 01 10001800 reddunt, ruolium 00100101 001 00100110
1080100 1010100101, 0010008801000 0180101111οι 101000110οω. 801. Ρ101000.
80. Et 1001001800 101αο018001, 01 1111111 01108 0101010000100 00110001, 00000
mojorem 01110111 011100 110110001οω0 10008101. 8010810 00110. 8010101101
1011111111, 00011000 congrediuntur 1110110ιο 08001000 00 10118111, 1100 1018008100,
1100 10 0110 00001001 00100001 1100001010 01000 00010,001011001000100010 001
⁸ 0101011001, 101 0011000101000,00110111100101,001011001 101011000110018 0000

 

