1110 mmm [533

00. 000ωο 001010ὼο111111000001010101000110ὴο100010
000000000100001100,10000001000001000. mmm 00100ιίρω
00000000 00001001 moritur, 00000 00000100 0010110 00001010. 000. Qu?
00. Quod 0111 01000 10 00000000 00100110 1000000 100000 0000000001, 000 00001
’ etnam 00100110 1001001111 00010101110000 00010. 000001 001. 10100 100001.
80. 1000101111110000 0101110100 01110 0010001000οε 00010000 1001100011· 010010
10000000ἡο 00000 0000001. 000. 11000000 10 0010000. 80. Quin 01100 eju,
0000 10 00001001 100000 00000100, 000ἱο1100 100001011110 10000 000000 parauit.
100. 001010000011001000000000110000 010101 80.1110010100.00010100100
00001010101101000000010000100101000000010001000000 10 100 „lampa
001 0000 010000, 001001000 01111100. 000. cene 0000000 10100 1110010110 10 100 0101-
010100000011000000100100. So. 110000, 0000 0110000000 0000, 1001001001ιο 000100
baffi& 001000000ωο00 0001100000 10000 00101 0000 00111000, 00011000 10000ιί10
1001μέ 000. Quo 000101 8ο. 000000 010011001 00001101 010100 011100 11-
100100 ndo· 01000010 0000000100 00001011000100 00000100 00000 00001 0000
5000100001000101000010100100000010000000101010000011000001000
pk, 0101 01100 00000000 0101 0101000000 0010001001 11000110. 000. 110 0001-
aaut. 00. 0100101100, 001 0οὴ0101100 0000010100000110000000000110001
00011 0011100 10010000 0011101000 00100 01011100οι01 0010110000οι 0110001101
phe-ammam· 10000001. 000 000 0000000 001 10010 01011010 00

, 00000011101010010010000000001001 101110000100110. 80110οο1100

bium 0100100110 100011οι1000 licentium 000100,·00000“0010000000 000000, 00000
00000 00 10010 0000000001 000. Quo 00010 100 01010001 8ο. 00010 0101011001,
01 pm 0110 001 01001110 01100000 001001, 01 011000 μ101 011 000 00000 00000100 00000100
00000 0001001. 01011 000100111000 [101] 1000111000 0001000001οἰ 01 1000111000 0101
0000100000001000000 0100111100. 000. 1100001011. 001100011000010110000.
ιο11000100000101110 110 00001001. 00000 00 10 0010 000000100 0100100100 11001
00000 1100011000 01000011 0000001000 0000001, 01 0100111100 0000000000 01000
0100000110 01000010010000 0001001100 00 0001100 00001001, 0010000 01 00001100
0100000100, 00010000 00100 10010000 0000101000 01 10000100 000000 10001110 000
0010010001, 00 000001 100001001000 0100001000. 100. Nube· 80. Vulgi 00100
Mummio, 1011 10 01011010 0010101 0000010001ὰο 00010 00001010
011100100011100000010000 0000100001 01 000010 0011001100 0000οἱ000 01010000 .
000 00110000 00001100 1110100000 011, 10000 010000 011111 000000. 000. 10 000
0000001000 1100100100 0100000, quod 0000 00110 10 1000000 000111 So. 80 0000·
00001000 000001000110 011000 00010010 000011000000101101001011010100-
th. 000 001 1000110 0001100100, 0000 01111, 00000 0101 0000100 0000100011. 00000
010010110,01100101 0000001100, 0001000 00 000100 00010 01 0001 01 00101 10010 pe
0100 111001010 000000100000000001, 0110 01010000 0000000 10000100 1001001. 0101
00000110 0010000000 000010 0000000 0000100 11000110. 000. 11000 0010 01111 nm·
1000000100. 000 0001101 000 0000100011 10000001001010 0001100001. So. 111000, 000
110000 00001000 00000 01010000 0000100 0001000011 110 siquidem 10100 00100101
0101000 0010000 00001100, 01010010 0101000 0010 0000110110 0000010000100001 00000
1010001. 0000000 0000 10000 001000, 1000 00010100 00000 000 00010100, 0001000001, 00
0011 uli· 01001 dominu. 000. 1000110100 101 0010000. 8ο· 11ιῦοο ⁰ 111110Ρο
0001101111ᾘο 000 0011100 001, 00 000, 01 0011οΙ 01001000, 1000000010 00001100.
001. Ihm 111101 nd 00000000 1001 So. 1100111 00000,ῳί 10 0000000100 00-
0011 0100000100 101000ου011. 10000 01 10 100 0011001000 0000000οπ0000 01010 ex
1000110, 0000100000 0101111000 jugo 0000110110 0011011. 00 0000001100 00000000Ι 000010

 

